0
0
0
0
0
0
0
0
0
0
0
0
0
0
0
0
0
0
0
0
0
0
0
0
0
0
0
0
0
0
0
0
0
0
0
0
0
589
639
623
587
579
583
576
515
45
0
0
0
1
328
274
278
0
0
443
445
447
478
508
503
108
0
0
0
0
0
0
0
253
0
0
0
0
1
1
3
4
4
5
0
0
0
1
2
0
0
0
1
0
5
3
4
6
7
5
3
7
8
6
11
9
11
8
6
10
6
8
10
14
10
12
15
14
26
16
15
65
70
21
26
22
22
23
22
21
22
24
23
22
23
23
26
27
24
21
25
26
22
68
69
72
76
78
88
83
93
86
96
98
98
108
100
101
111
99
105
108
104
107
102
105
105
98
106
110
104
105
108
111
112
111
112
116
111
113
118
116
112
118
114
119
105
107
110
112
109
109
110
110
110
111
105
113
106
109
109
118
122
112
115
117
115
110
121
110
113
113
114
108
110
114
114
114
114
113
109
112
113
111
114
113
113
112
112
112
110
110
109
113
109
102
108
102
104
110
101
107
105
108
113
107
105
105
99
99
104
96
101
105
105
110
115
91
99
90
96
90
91
91
93
90
89
87
91
86
85
91
96
96
93
92
93
95
92
97
90
96
98
90
92
89
88
90
93
86
91
93
90
96
99
93
98
99
105
108
100
101
100
98
94
93
96
101
109
91
104
106
109
111
108
111
111
104
114
106
103
103
110
102
106
103
106
104
109
105
107
120
121
133
135
135
144
143
141
146
139
154
148
155
152
162
156
172
159
168
168
164
175
169
173
166
178
175
177
173
166
160
160
172
165
171
169
174
176
174
179
185
188
188
184
186
187
186
190
188
183
183
186
188
186
201
192
194
191
182
192
185
187
185
195
196
192
193
194
192
189
190
188
196
199
196
203
192
189
195
200
193
187
188
194
189
195
195
205
203
204
204
205
200
201
208
218
214
216
220
209
213
211
206
209
209
212
219
218
216
218
217
224
217
224
215
216
218
215
215
214
220
217
219
221
219
0
88
98
104
102
113
114
120
125
129
135
136
137
144
154
154
156
155
164
163
154
158
162
168
168
167
165
174
171
169
178
176
181
178
178
180
185
181
183
188
184
184
186
189
192
185
189
185
192
193
192
193
183
201
192
193
191
189
197
193
194
188
189
195
204
0
128
193
196
198
0
0
0
0
0
0
0
0
0
0
0
0
0
0
0
0
0
0
0
0
0
0
0
0
50
56
57
65
64
68
73
74
78
82
87
89
97
96
100
99
102
102
109
108
115
115
118
113
117
119
119
118
118
120
115
120
122
124
122
127
0
0
93
0
85
97
128
127
130
134
131
132
134
133
136
139
143
143
140
143
141
140
141
143
143
144
147
148
140
142
142
143
146
151
150
149
143
150
147
151
149
157
149
153
150
150
151
148
146
150
151
154
155
150
152
150
146
148
156
0
0
0
0
0
0
0
0
0
0
0
0
0
0
0
0
0
0
0
0
0
0
0
0
0
0
0
0
0
0
0
0
0
0
0
0
0
0
0
0
0
0
0
0
0
0
0
0
0
0
0
0
0
0
0
0
0
0
0
0
0
0
0
0
0
0
0
0
0
0
0
0
0
0
0
0
0
0
0
0
0
0
0
0
0
0
0
0
0
0
0
0
0
0
0
0
0
0
0
0
0
0
0
0
0
0
0
0
0
0
0
0
0
0
0
0
0
0
0
0
0
0
0
0
0
0
0
0
0
0
0
0
0
0
0
0
0
0
0
0
0
0
0
0
0
0
0
